#JOSM PicLayer plugin calibration data
#Fri Jan 25 16:30:02 AST 2013
POSITION_Y=5821405.687161647
POSITION_X=-7028512.329604936
M12=209.13048814909536
M11=0.28725561508547565
M10=-0.7184485162591602
M02=49.505765089174645
INITIAL_SCALE=8.424515971624457
M01=0.7370420927914766
M00=0.28273043312889584
