#JOSM PicLayer plugin calibration data
#Thu Jan 31 09:44:34 AST 2013
POSITION_Y=5821209.588258685
POSITION_X=-7028496.437381167
M12=-156.87503568412123
M11=0.09886457015576088
M10=-0.25087681729557526
M02=53.59353496698552
INITIAL_SCALE=21.282443270745272
M01=0.259818433526362
M00=0.10136666146084841
