#JOSM PicLayer plugin calibration data
#Tue Jan 22 16:31:52 AST 2013
POSITION_Y=5821434.520419467
POSITION_X=-7028465.964695696
M12=95.51242506968025
M11=0.06618224557187068
M10=-0.16489239774004633
M02=-84.65801829933213
INITIAL_SCALE=36.70236581435739
M01=0.16895163379340228
M00=0.06464698158108687
