#JOSM PicLayer plugin calibration data
#Fri Jan 25 16:25:08 AST 2013
POSITION_Y=5821388.725353061
POSITION_X=-7028535.254522283
M12=-156.07827903182508
M11=0.12644070959073164
M10=-0.3153194188995194
M02=195.4548469860788
INITIAL_SCALE=9.584775755474167
M01=0.32230207380525316
M00=0.12350356667922016
